chain_ones=1_hidden=0_hetero=0_scramble=0 SEM [+1.000, +1.000, +1.000, +1.000, +1.000, +0.000, +0.000, +0.000, +0.000, +0.000] 0.00000 0.00000
chain_ones=1_hidden=0_hetero=0_scramble=0 ERM [+0.890, +0.895, +0.916, +0.928, +0.908, +0.106, +0.104, +0.091, +0.066, +0.097] 0.00874 0.00880
chain_ones=1_hidden=0_hetero=0_scramble=0 ICP [+0.995, +0.999, +1.008, +0.986, +1.012, +0.000, +0.000, +0.000, +0.000, +0.000] 0.00008 0.00000
chain_ones=1_hidden=0_hetero=0_scramble=0 IRM [+0.967, +0.979, +0.964, +1.065, +0.964, +0.039, +0.024, +0.043, -0.061, +0.032] 0.00167 0.00172

chain_ones=1_hidden=0_hetero=0_scramble=0 SEM [+1.000, +1.000, +1.000, +1.000, +1.000, +0.000, +0.000, +0.000, +0.000, +0.000] 0.00000 0.00000
chain_ones=1_hidden=0_hetero=0_scramble=0 ERM [+0.924, +0.897, +0.904, +0.929, +0.879, +0.100, +0.101, +0.098, +0.079, +0.112] 0.00901 0.00971
chain_ones=1_hidden=0_hetero=0_scramble=0 ICP [+1.019, +0.994, +0.998, +1.008, +1.000, +0.000, +0.000, +0.000, +0.000, +0.000] 0.00009 0.00000
chain_ones=1_hidden=0_hetero=0_scramble=0 IRM [+0.941, +0.911, +1.067, +1.070, +0.947, +0.090, +0.087, -0.024, -0.047, +0.036] 0.00475 0.00393

chain_ones=1_hidden=0_hetero=0_scramble=0 SEM [+1.000, +1.000, +1.000, +1.000, +1.000, +0.000, +0.000, +0.000, +0.000, +0.000] 0.00000 0.00000
chain_ones=1_hidden=0_hetero=0_scramble=0 ERM [+0.907, +0.894, +0.890, +0.893, +0.911, +0.080, +0.103, +0.104, +0.119, +0.095] 0.01023 0.01026
chain_ones=1_hidden=0_hetero=0_scramble=0 ICP [+0.986, +0.996, +0.994, +1.007, +1.005, +0.000, +0.000, +0.000, +0.000, +0.000] 0.00007 0.00000
chain_ones=1_hidden=0_hetero=0_scramble=0 IRM [+1.010, +1.005, +1.040, +1.023, +1.043, +0.006, +0.028, -0.014, +0.001, -0.028] 0.00082 0.00036

chain_ones=1_hidden=0_hetero=0_scramble=0 SEM [+1.000, +1.000, +1.000, +1.000, +1.000, +0.000, +0.000, +0.000, +0.000, +0.000] 0.00000 0.00000
chain_ones=1_hidden=0_hetero=0_scramble=0 ERM [+0.896, +0.918, +0.892, +0.910, +0.923, +0.102, +0.094, +0.111, +0.071, +0.088] 0.00866 0.00887
chain_ones=1_hidden=0_hetero=0_scramble=0 ICP [+0.996, +1.017, +0.997, +0.979, +1.010, +0.000, +0.000, +0.000, +0.000, +0.000] 0.00017 0.00000
chain_ones=1_hidden=0_hetero=0_scramble=0 IRM [+1.014, +1.054, +1.006, +0.956, +0.949, -0.007, -0.019, -0.024, +0.008, +0.066] 0.00154 0.00108

chain_ones=1_hidden=0_hetero=0_scramble=0 SEM [+1.000, +1.000, +1.000, +1.000, +1.000, +0.000, +0.000, +0.000, +0.000, +0.000] 0.00000 0.00000
chain_ones=1_hidden=0_hetero=0_scramble=0 ERM [+0.873, +0.910, +0.906, +0.877, +0.921, +0.114, +0.100, +0.109, +0.103, +0.074] 0.01089 0.01020
chain_ones=1_hidden=0_hetero=0_scramble=0 ICP [+0.990, +1.012, +1.018, +0.975, +0.997, +0.000, +0.000, +0.000, +0.000, +0.000] 0.00024 0.00000
chain_ones=1_hidden=0_hetero=0_scramble=0 IRM [+0.968, +0.954, +1.002, +0.906, +0.995, +0.012, +0.049, +0.010, +0.044, -0.005] 0.00241 0.00091

chain_ones=1_hidden=0_hetero=0_scramble=0 SEM [+1.000, +1.000, +1.000, +1.000, +1.000, +0.000, +0.000, +0.000, +0.000, +0.000] 0.00000 0.00000
chain_ones=1_hidden=0_hetero=0_scramble=0 ERM [+0.914, +0.898, +0.900, +0.899, +0.902, +0.096, +0.101, +0.093, +0.106, +0.102] 0.00953 0.00992
chain_ones=1_hidden=0_hetero=0_scramble=0 ICP [+1.013, +0.998, +0.995, +1.004, +1.001, +0.000, +0.000, +0.000, +0.000, +0.000] 0.00005 0.00000
chain_ones=1_hidden=0_hetero=0_scramble=0 IRM [+1.032, +0.966, +1.036, +0.997, +0.992, -0.047, +0.011, -0.040, +0.028, +0.041] 0.00071 0.00127

chain_ones=1_hidden=0_hetero=0_scramble=0 SEM [+1.000, +1.000, +1.000, +1.000, +1.000, +0.000, +0.000, +0.000, +0.000, +0.000] 0.00000 0.00000
chain_ones=1_hidden=0_hetero=0_scramble=0 ERM [+0.902, +0.888, +0.920, +0.871, +0.914, +0.094, +0.103, +0.077, +0.117, +0.097] 0.01050 0.00966
chain_ones=1_hidden=0_hetero=0_scramble=0 ICP [+1.003, +0.995, +0.997, +0.993, +1.010, +0.000, +0.000, +0.000, +0.000, +0.000] 0.00004 0.00000
chain_ones=1_hidden=0_hetero=0_scramble=0 IRM [+1.045, +0.962, +1.034, +0.922, +0.968, -0.056, +0.051, +0.005, +0.069, +0.036] 0.00234 0.00237

chain_ones=1_hidden=0_hetero=0_scramble=0 SEM [+1.000, +1.000, +1.000, +1.000, +1.000, +0.000, +0.000, +0.000, +0.000, +0.000] 0.00000 0.00000
chain_ones=1_hidden=0_hetero=0_scramble=0 ERM [+0.918, +0.905, +0.908, +0.908, +0.899, +0.095, +0.101, +0.095, +0.100, +0.108] 0.00857 0.00993
chain_ones=1_hidden=0_hetero=0_scramble=0 ICP [+1.004, +1.003, +1.005, +1.003, +1.008, +0.000, +0.000, +0.000, +0.000, +0.000] 0.00003 0.00000
chain_ones=1_hidden=0_hetero=0_scramble=0 IRM [+0.935, +0.973, +1.038, +1.063, +0.973, +0.055, +0.029, -0.011, -0.081, +0.036] 0.00221 0.00236

chain_ones=1_hidden=0_hetero=0_scramble=0 SEM [+1.000, +1.000, +1.000, +1.000, +1.000, +0.000, +0.000, +0.000, +0.000, +0.000] 0.00000 0.00000
chain_ones=1_hidden=0_hetero=0_scramble=0 ERM [+0.919, +0.902, +0.909, +0.875, +0.917, +0.094, +0.098, +0.093, +0.103, +0.084] 0.00938 0.00897
chain_ones=1_hidden=0_hetero=0_scramble=0 ICP [+1.005, +1.000, +1.004, +0.979, +1.005, +0.000, +0.000, +0.000, +0.000, +0.000] 0.00010 0.00000
chain_ones=1_hidden=0_hetero=0_scramble=0 IRM [+0.988, +0.949, +1.013, +0.938, +1.098, +0.049, +0.043, -0.007, +0.038, -0.089] 0.00330 0.00272

chain_ones=1_hidden=0_hetero=0_scramble=0 SEM [+1.000, +1.000, +1.000, +1.000, +1.000, +0.000, +0.000, +0.000, +0.000, +0.000] 0.00000 0.00000
chain_ones=1_hidden=0_hetero=0_scramble=0 ERM [+0.881, +0.893, +0.886, +0.889, +0.945, +0.098, +0.100, +0.104, +0.104, +0.074] 0.01082 0.00935
chain_ones=1_hidden=0_hetero=0_scramble=0 ICP [+0.982, +0.996, +0.994, +0.987, +1.021, +0.000, +0.000, +0.000, +0.000, +0.000] 0.00020 0.00000
chain_ones=1_hidden=0_hetero=0_scramble=0 IRM [+0.948, +1.036, +0.960, +1.024, +1.034, +0.053, -0.035, +0.070, -0.020, -0.004] 0.00148 0.00187
